CUENTA_CREDITO|SITUACION_CREDITO|SALDO_PRINCIPAL|INTERES_DEVENGADO|INTERESES_COBRADOS|COMISIONES_COBRADAS|SALDO_PROMEDIO|RESERVAS_CALIF|RESERVAS_ADIC|PORC_RESERVAS_417|MONEDA|FECHA_INFO
|1|602460.09|513762.99|505562.84|0.00|19434.20||||0|2026-01-31
|1|525484.45|1562075.78|1447549.42|0.00|17516.15||||0|2026-01-31
|1|1490706.07|415065.31|393162.98|0.00|49690.20||||0|2026-01-31
|1|700010.39|639854.44|618647.92|0.00|22580.98||||0|2026-01-31
|2|703524.79|678783.20|650578.82|0.00|22694.35||||0|2026-01-31
|1|453544.90|1176569.24|1171136.52|0.00|14630.48||||0|2026-01-31
|1|155012.63|98449.98|95735.75|0.00|5167.09||||0|2026-01-31
|2|1426583.44|1659427.49|1635554.90|0.00|46018.82||||0|2026-01-31
|1|7995637.81|3101394.16|2990716.94|0.00|257923.80||||0|2026-01-31
|1|456724.37|706033.83|700882.30|0.00|15224.15||||0|2026-01-31
|1|3102400.00|33042.63|20649.57|0.00|100077.42||||0|2026-01-31
|1|333000.00|287288.29|280348.82|0.00|11100.00||||0|2026-01-31
|1|3936555.28|410518.27|357670.28|0.00|131218.51||||0|2026-01-31
|1|693300.40|677611.86|668444.74|0.00|22364.53||||0|2026-01-31
|1|459680.28|295042.26|289905.02|0.00|15322.68||||0|2026-01-31
|1|2944297.87|1869877.92|1821186.68|4481.92|98143.26||||0|2026-01-31
|0|0.00|0.00|0.00|0.00|0.00||||0|2026-01-31
|1|0.00|0.00|0.00|0.00|0.00||||0|2026-01-31
|3|546258.22|274305.81|238571.36|0.00|18208.61||||0|2026-01-31
|1|0.00|0.00|0.00|0.00|0.00||||0|2026-01-31
|0|0.00|0.00|0.00|0.00|0.00||||0|2026-01-31
|1|579002.10|974843.43|969157.71|0.00|19300.07||||0|2026-01-31
|1|370166.88|925694.39|863474.42|0.00|12338.90||||0|2026-01-31
|1|1567998.17|2063385.92|1962444.01|0.00|52266.61||||0|2026-01-31
|1|2854901.59|452830.56|410221.14|0.00|95163.39||||0|2026-01-31
|2|14641662.17|11290997.90|10752419.29|0.00|472311.68||||0|2026-01-31
|1|5536678.27|441041.45|387064.31|0.00|184555.94||||0|2026-01-31
|1|32163408.69|15699192.54|15549237.46|0.00|1037529.31||||0|2026-01-31
|1|539375.51|835274.34|830699.12|0.00|17979.18||||0|2026-01-31
|1|9387928.82|263502.43|226001.28|0.00|302836.41||||0|2026-01-31
|1|694872.35|713910.79|663705.75|0.00|22415.24||||0|2026-01-31
|2|196700.00|176947.70|168999.26|0.00|6556.67||||0|2026-01-31
|1|0.00|0.00|0.00|0.00|0.00||||0|2026-01-31
|1|8401871.15|7092835.03|6979409.49|0.00|280062.37||||0|2026-01-31
|1|0.00|0.00|0.00|0.00|0.00||||0|2026-01-31
|1|3196721.41|72957.39|44426.66|0.00|106557.38||||0|2026-01-31
|1|0.00|0.00|0.00|0.00|0.00||||0|2026-01-31
|1|7790250.00|77950.73|48735.80|0.00|251298.39||||0|2026-01-31
|1|2376952.33|3045759.41|2823235.41|0.00|76675.88||||0|2026-01-31
|1|1166293.15|1847633.94|1800113.35|0.00|38876.44||||0|2026-01-31
|1|7775395.51|263769.11|234931.29|0.00|250819.21||||0|2026-01-31
|1|1141171.20|1218918.65|1145908.12|0.00|36811.97||||0|2026-01-31
|1|633382.04|1161757.95|1154104.73|0.00|21112.73||||0|2026-01-31
|1|511492.89|420026.38|414337.74|0.00|16499.77||||0|2026-01-31
|2|0.00|0.00|0.00|0.00|0.00||||0|2026-01-31
|0|36292.30|7797.02|7361.51|0.00|1209.74||||0|2026-01-31
|1|135056.98|83944.83|82070.94|0.00|4501.90||||0|2026-01-31
|1|2345160.69|1902677.18|1854308.13|804.48|78172.02||||0|2026-01-31
|2|0.00|0.00|0.00|1596.18|0.00||||0|2026-01-31
|1|7721898.78|368098.56|337715.54|0.00|249093.51||||0|2026-01-31
|2|0.00|0.00|0.00|0.00|0.00||||0|2026-01-31
|3|2465434.95|21680.50|21680.50|0.00|82181.17||||0|2026-01-31
|1|811555.44|548143.95|539863.06|0.00|26179.21||||0|2026-01-31
|1|9608000.00|474787.69|439342.52|0.00|309935.48||||0|2026-01-31
|1|1353571.58|2328865.52|2197180.74|0.00|45119.05||||0|2026-01-31
|1|552140.86|504593.79|498453.00|0.00|17811.00||||0|2026-01-31
|1|7386400.00|224894.70|195388.54|0.00|238270.97||||0|2026-01-31
|1|966800.08|1449722.14|1435763.95|0.00|32226.67||||0|2026-01-31
|3|733815.20|5511294.08|5511294.09|0.00|23671.46||||0|2026-01-31
|1|426973.05|696411.19|665689.42|0.00|14232.44||||0|2026-01-31
|1|110806.52|74024.72|72126.07|0.00|3693.55||||0|2026-01-31
|1|637129.71|398166.86|390981.25|0.00|20552.57||||0|2026-01-31
|1|266361.62|540328.34|537558.51|0.00|8878.72||||0|2026-01-31
|1|88553.75|61449.58|60227.69|0.00|2951.79||||0|2026-01-31
|1|2611545.30|4401605.58|4374908.89|0.00|87051.51||||0|2026-01-31
|1|156904.00|99001.67|96147.97|0.00|5230.13||||0|2026-01-31
|1|260802.43|282721.42|279110.74|0.00|8412.98||||0|2026-01-31
|3|5329832.02|3029634.93|2718529.49|0.00|177661.07||||0|2026-01-31
|3|2816766.64|1289361.95|1108646.48|0.00|93892.22||||0|2026-01-31
|1|5455453.01|4484454.21|4402622.17|804.48|181848.43||||0|2026-01-31
|1|673913.04|473467.69|465783.36|0.00|21739.13||||0|2026-01-31
|1|266358.67|246120.08|242494.85|0.00|8592.22||||0|2026-01-31
|3|505793.01|320650.35|288408.28|0.00|16315.90||||0|2026-01-31
|0|0.00|0.00|0.00|0.00|0.00||||0|2026-01-31
|1|457300.30|702941.25|697415.43|0.00|15243.34||||0|2026-01-31
|1|8372093.00|2664117.99|2618296.28|0.00|270067.52||||0|2026-01-31
|0|268933.72|12758.30|9531.10|0.00|8964.46||||0|2026-01-31
|1|0.00|0.00|0.00|804.48|0.00||||0|2026-01-31
|1|14600000.00|341446.00|284213.53|0.00|470967.74||||0|2026-01-31
|1|239774.45|909467.41|906758.15|0.00|7734.66||||0|2026-01-31
|1|21654000.00|1295707.68|1212515.35|0.00|698516.13||||0|2026-01-31
|1|12940698.82|11035391.09|10855838.99|0.00|431356.63||||0|2026-01-31
|1|609648.23|924911.83|917545.23|0.00|20321.61||||0|2026-01-31
|1|576270.90|797364.84|790675.24|0.00|19209.03||||0|2026-01-31
|1|831482.69|1257261.92|1247214.88|0.00|27716.09||||0|2026-01-31
|1|15109892.50|575363.82|363988.14|0.00|487415.89||||0|2026-01-31
|3|12926661.16|5178069.94|4842055.27|0.00|430888.71||||0|2026-01-31
|1|278671.86|425825.27|405251.20|0.00|9289.06||||0|2026-01-31
|1|1027202.16|834298.02|820430.44|0.00|34240.07||||0|2026-01-31
|1|589318.02|617312.54|608833.59|0.00|19010.26||||0|2026-01-31
|1|264289.06|1089123.41|1050209.38|0.00|8809.64||||0|2026-01-31
|2|2202761.11|1601443.06|1557997.99|0.00|71056.81||||0|2026-01-31
|1|50181.02|433628.14|415483.60|0.00|1672.70||||0|2026-01-31
|1|2645955.56|1703999.12|1671751.53|0.00|88198.52||||0|2026-01-31
|1|931974.08|1265153.19|1254334.64|0.00|31065.80||||0|2026-01-31
|1|729095.73|969832.98|962309.18|0.00|24303.19||||0|2026-01-31
|1|2481371.31|96842.01|74528.37|0.00|82712.38||||0|2026-01-31
|1|0.00|0.00|0.00|0.00|0.00||||0|2026-01-31
|1|514494.46|785794.12|779577.22|0.00|17149.82||||0|2026-01-31
|3|933289.62|479719.03|479719.03|0.00|31109.65||||0|2026-01-31
|1|1967729.01|2274855.24|2254194.07|0.00|63475.13||||0|2026-01-31
|3|4043828.05|695713.22|435136.03|0.00|134794.27||||0|2026-01-31
|3|960422.71|277070.75|218194.91|0.00|32014.09||||0|2026-01-31
|1|229066.27|363320.05|346320.15|0.00|7635.54||||0|2026-01-31
|1|346791.32|366996.30|363759.52|0.00|11186.82||||0|2026-01-31
|1|701409.95|654823.14|644730.76|0.00|22626.13||||0|2026-01-31
|1|1404649.45|973215.75|954463.74|0.00|46821.65||||0|2026-01-31
|1|96017.07|63573.47|62248.53|0.00|3200.57||||0|2026-01-31
|0|0.00|0.00|0.00|0.00|0.00||||0|2026-01-31
|1|69404604.00|4493781.23|4227442.46|0.00|2238858.19||||0|2026-01-31
|0|63775.84|53828.05|52680.01|0.00|2125.86||||0|2026-01-31
|1|137188.04|89290.05|87448.28|0.00|4572.93||||0|2026-01-31
|1|721068.33|503283.18|492737.41|804.48|24035.61||||0|2026-01-31
|1|8372093.00|2664117.99|2618296.28|0.00|270067.52||||0|2026-01-31
|1|271220.76|183801.49|180384.34|0.00|9040.69||||0|2026-01-31
|1|350433.83|261417.80|256686.99|0.00|11681.13||||0|2026-01-31
|1|461309.62|2308733.24|2306793.93|0.00|14880.96||||0|2026-01-31
|1|27592138.87|1838229.00|1727330.44|0.00|890069.00||||0|2026-01-31
|1|16163560.00|163329.66|114323.65|0.00|521405.16||||0|2026-01-31
|1|8689713.96|1179776.24|1144573.29|0.00|280313.35||||0|2026-01-31
|2|416852.11|574012.00|567699.82|0.00|13895.07||||0|2026-01-31
|1|2477219.91|2158089.38|2122789.29|0.00|82574.00||||0|2026-01-31
|1|525084.31|386014.81|377527.98|0.00|17502.81||||0|2026-01-31
|0|0.00|0.00|0.00|0.00|0.00||||0|2026-01-31
|1|856580.26|1267701.64|1257374.71|0.00|27631.62||||0|2026-01-31
|1|646791.15|777987.27|770612.15|0.00|20864.23||||0|2026-01-31
|1|2775086.86|1779013.59|1749250.43|0.00|92502.90||||0|2026-01-31
|3|3086570.82|30047.90|30047.90|0.00|102885.69||||0|2026-01-31
|1|11141177.69|2567769.84|2515535.21|0.00|359392.83||||0|2026-01-31
|1|687329.39|651614.76|642335.76|0.00|22910.98||||0|2026-01-31
|3|0.00|0.00|0.00|0.00|0.00||||0|2026-01-31
|1|302382.63|603377.56|575086.18|0.00|10079.42||||0|2026-01-31
|1|126453.09|1249898.38|1249898.38|0.00|4215.10||||0|2026-01-31
|0|0.00|0.00|0.00|0.00|0.00||||0|2026-01-31
|1|5285401.35|4232809.45|4159474.45|0.00|176180.05||||0|2026-01-31
|1|1129751.40|1363870.94|1363870.94|0.00|36443.59||||0|2026-01-31
|2|1088661.24|1120053.22|1095456.97|0.00|35118.10||||0|2026-01-31
|1|365295.35|572756.97|569022.53|0.00|12176.51||||0|2026-01-31
|1|12492319.07|876341.56|828427.36|0.00|402978.03||||0|2026-01-31
|1|599791.72|644117.80|638807.85|0.00|19993.06||||0|2026-01-31
|1|12463378.56|677266.79|491250.86|0.00|415445.95||||0|2026-01-31
|3|5887267.38|54457.32|10302.72|0.00|196242.25||||0|2026-01-31
|1|830538.25|1365936.69|1355209.08|0.00|26791.56||||0|2026-01-31
|3|2416968.19|0.00|0.00|0.00|80565.61||||0|2026-01-31
|3|9885979.91|108101.14|108101.14|0.00|329532.66||||0|2026-01-31
|1|115065.87|100747.71|99091.93|0.00|3711.80||||0|2026-01-31
|0|0.00|0.00|0.00|0.00|0.00||||0|2026-01-31
|1|954589.07|57231.08|51388.96|0.00|31819.64||||0|2026-01-31
|1|0.00|0.00|0.00|0.00|0.00||||0|2026-01-31
|1|1605098.78|1638514.61|1652285.43|0.00|51777.38||||0|2026-01-31
|1|882955.20|310251.09|297072.82|0.00|29431.84||||0|2026-01-31
|1|37685716.11|12457336.71|11875713.91|0.00|1215668.26||||0|2026-01-31
|3|10109894.52|3888707.99|3733408.79|0.00|336996.48||||0|2026-01-31
|3|0.00|86352.67|86352.68|0.00|0.00||||0|2026-01-31
|1|2500957.66|3492777.32|3307323.01|0.00|80676.05||||0|2026-01-31
|1|0.00|0.00|0.00|0.00|0.00||||0|2026-01-31
|1|1493409.09|85251.66|62962.54|0.00|49780.30||||0|2026-01-31
|1|1122541.01|1170553.67|1089331.87|0.00|36211.00||||0|2026-01-31
|1|0.00|34794.06|34794.07|0.00|0.00||||0|2026-01-31
|1|3179648.34|1776434.68|1742333.15|0.00|105988.28||||0|2026-01-31
|1|1273901.89|730061.87|712720.61|0.00|42463.40||||0|2026-01-31
|1|557336.66|453052.16|444901.16|0.00|18577.89||||0|2026-01-31
|1|2606329.36|2663559.65|2625044.01|0.00|84075.14||||0|2026-01-31
|0|95426.98|73522.11|71804.27|0.00|3180.90||||0|2026-01-31
|3|5918795.46|3172091.05|2843252.06|0.00|197293.18||||0|2026-01-31
|0|70209.00|4112.10|3270.10|0.00|2340.30||||0|2026-01-31
|1|47148171.08|1983899.83|1800390.67|0.00|1520908.74||||0|2026-01-31
|1|1538989.12|1203286.28|1179047.33|0.00|51299.64||||0|2026-01-31
|1|108463.17|71949.17|70171.89|0.00|3615.44||||0|2026-01-31
|1|859473.70|924274.76|917545.38|0.00|28649.12||||0|2026-01-31
|1|1762255.59|388894.36|362592.44|0.00|58741.85||||0|2026-01-31
|1|4133978.39|3634042.35|3584526.75|0.00|133354.14||||0|2026-01-31
|1|710150.82|1297992.97|1253602.46|0.00|23671.69||||0|2026-01-31
|1|373758.04|645121.27|640033.93|0.00|12056.71||||0|2026-01-31
|1|28540478.05|2828700.13|2727841.59|0.00|920660.58||||0|2026-01-31
|1|16588494.00|174328.73|108063.46|0.00|535112.71||||0|2026-01-31
|2|13011811.26|4653213.62|4653213.62|17757.79|433727.04||||0|2026-01-31
|1|1604554.25|1846105.05|1827510.32|0.00|51759.81||||0|2026-01-31
|1|391701.36|803969.65|799003.28|0.00|13056.71||||0|2026-01-31
|1|1445878.55|120299.32|100237.78|0.00|48195.95||||0|2026-01-31
|1|17000000.00|131124.20|71051.39|0.00|548387.10||||0|2026-01-31
|1|566688.38|992317.71|985470.96|0.00|18889.61||||0|2026-01-31
|1|1620757.52|987844.86|963351.31|0.00|54025.25||||0|2026-01-31
|0|0.00|0.00|0.00|0.00|0.00||||0|2026-01-31
|1|409550.71|791046.66|762094.84|0.00|13651.69||||0|2026-01-31
|1|216484.92|447114.38|443045.48|0.00|7216.16||||0|2026-01-31
|1|148120.32|110774.16|108524.41|0.00|4937.34||||0|2026-01-31
|1|6246555.78|6285396.44|6177643.30|804.48|208218.53||||0|2026-01-31
|1|371263.84|694816.46|649337.69|0.00|11976.25||||0|2026-01-31
|1|283357.89|379860.82|352464.60|0.00|9140.58||||0|2026-01-31
|1|940302.86|779301.73|766254.82|0.00|31343.43||||0|2026-01-31
|3|2816766.64|1289361.95|1108646.48|0.00|93892.22||||0|2026-01-31
|1|303635.77|679744.67|674620.78|0.00|10121.19||||0|2026-01-31
|1|12979435.73|4945178.89|4725664.40|0.00|432647.86||||0|2026-01-31
|1|0.00|0.00|0.00|0.00|0.00||||0|2026-01-31
|3|1281540.12|1242206.98|1131035.27|0.00|42718.00||||0|2026-01-31
|1|444252.84|743032.79|738498.31|0.00|14808.43||||0|2026-01-31
|1|247426.67|168789.42|165356.49|0.00|8247.56||||0|2026-01-31
|1|2144579.30|3195459.59|3144871.44|0.00|69179.98||||0|2026-01-31
|1|427862.95|360426.69|355667.25|0.00|13802.03||||0|2026-01-31
|1|12500000.00|197888.00|4666.11|0.00|403225.81||||0|2026-01-31
|2|334712.81|259989.57|250451.88|1604.51|11157.09||||0|2026-01-31
|1|1395321.85|666154.67|648677.94|0.00|46510.73||||0|2026-01-31
|1|1295044.91|214167.22|194838.66|0.00|43168.16||||0|2026-01-31
|3|1712739.90|13068.69|13068.69|0.00|57091.33||||0|2026-01-31
|3|36239083.18|6736772.62|6736771.96|0.00|1169002.68||||0|2026-01-31
|1|137834.62|193562.51|190900.05|0.00|4594.49||||0|2026-01-31
|0|0.00|0.00|0.00|0.00|0.00||||0|2026-01-31
|3|22156022.60|469697.94|469697.94|0.00|738534.09||||0|2026-01-31
|0|526046.73|83638.16|74447.98|0.00|17534.89||||0|2026-01-31
|1|12500000.00|197888.00|4666.11|0.00|403225.81||||0|2026-01-31
|1|15713555.56|3717148.71|3655890.99|0.00|506888.89||||0|2026-01-31
|1|384014.32|322499.04|317170.87|0.00|12800.48||||0|2026-01-31
|2|2619379.20|102161.40|102161.40|0.00|87312.64||||0|2026-01-31
|1|5081556.71|3160914.45|3098411.91|0.00|169385.22||||0|2026-01-31
|1|447605.62|461438.04|455171.67|0.00|14438.89||||0|2026-01-31
|1|33701.08|147955.32|147487.49|0.00|1123.37||||0|2026-01-31
|1|1470962.47|821064.47|804846.83|0.00|49032.08||||0|2026-01-31
|1|547680.06|626606.05|620514.94|0.00|17667.10||||0|2026-01-31
|1|1086359.55|850905.21|834406.41|804.48|36211.99||||0|2026-01-31
|1|112440.48|98043.96|96357.32|0.00|3748.02||||0|2026-01-31
|1|201268.02|664766.80|661949.19|0.00|6492.52||||0|2026-01-31
|0|0.00|0.00|0.00|0.00|0.00||||0|2026-01-31
|1|0.00|0.00|0.00|0.00|0.00||||0|2026-01-31
|3|332990.64|123646.95|97478.10|0.00|10741.63||||0|2026-01-31
|1|0.00|0.00|0.00|0.00|0.00||||0|2026-01-31
|0|7244.36|4613.43|4482.86|0.00|241.48||||0|2026-01-31
|1|668461.89|1087760.67|1080711.66|0.00|22282.06||||0|2026-01-31
|1|37785740.51|3349213.68|3215344.96|0.00|1218894.86||||0|2026-01-31
|1|1278908.63|1197531.59|1178135.11|0.00|41255.12||||0|2026-01-31
|1|3194432.80|3506586.51|3237582.22|0.00|103046.22||||0|2026-01-31
|1|80616.06|235451.86|234255.07|0.00|2687.20||||0|2026-01-31
|1|0.00|0.00|0.00|0.00|0.00||||0|2026-01-31
|1|7790250.00|77950.73|48735.80|0.00|251298.39||||0|2026-01-31
|1|1568793.35|1346075.48|1320004.23|0.00|52293.11||||0|2026-01-31
|1|7093532.24|98517.68|71782.21|0.00|228823.62||||0|2026-01-31
|1|827020.38|1276921.32|1266928.11|0.00|27567.35||||0|2026-01-31
|1|153465.41|96100.66|93539.42|0.00|5115.51||||0|2026-01-31
|1|328570.40|923392.61|919737.97|0.00|10599.05||||0|2026-01-31
|1|0.00|0.00|0.00|0.00|0.00||||0|2026-01-31
|1|816583.66|1078473.36|1069882.49|0.00|27219.46||||0|2026-01-31
|1|785400.00|104458.19|0.00|0.00|26180.00||||0|2026-01-31
|1|677459.61|1012537.88|1003316.89|0.00|21853.54||||0|2026-01-31
|1|0.00|0.00|0.00|0.00|0.00||||0|2026-01-31
|1|9412673.78|7461066.33|7324464.94|0.00|313755.79||||0|2026-01-31
|0|333169.87|36141.18|36141.18|0.00|11105.66||||0|2026-01-31
|1|175650.00|154078.91|150710.48|0.00|5855.00||||0|2026-01-31
|1|2396262.53|27984.68|27984.68|0.00|79875.42||||0|2026-01-31
|1|121796.84|80766.47|78642.84|0.00|4059.89||||0|2026-01-31
|1|1928589.99|1648698.88|1622448.95|0.00|62212.58||||0|2026-01-31
|1|0.00|0.00|0.00|0.00|0.00||||0|2026-01-31
|1|95424.05|65672.75|64356.10|1604.67|3180.80||||0|2026-01-31
|1|416240.18|279993.27|279993.85|0.00|13427.10||||0|2026-01-31
|1|546171.81|953465.37|947136.40|0.00|17618.45||||0|2026-01-31
|1|0.00|0.00|0.00|0.00|0.00||||0|2026-01-31
|1|0.00|0.00|0.00|0.00|0.00||||0|2026-01-31
|1|0.00|18235.57|18235.58|0.00|0.00||||0|2026-01-31
|1|7093532.24|98517.68|71782.21|0.00|228823.62||||0|2026-01-31
|1|349713.76|388827.59|384067.02|0.00|11281.09||||0|2026-01-31
|1|645520.78|543748.37|536016.61|0.00|20823.25||||0|2026-01-31
|1|1493452.25|1271579.43|1250858.17|0.00|49781.74||||0|2026-01-31
|2|0.00|0.00|0.00|0.00|0.00||||0|2026-01-31
|1|1042497.10|713901.53|693690.00|0.00|34749.90||||0|2026-01-31
|1|0.00|0.00|0.00|0.00|0.00||||0|2026-01-31
|1|136725.51|87708.23|84105.87|0.00|4557.52||||0|2026-01-31
|3|2374432.48|2902.07|2110.65|0.00|79147.75||||0|2026-01-31
|3|1389408.03|29850.82|29850.82|0.00|46313.60||||0|2026-01-31
|0|133780.53|12713.02|11107.45|0.00|4459.35||||0|2026-01-31
|0|34076.56|2073.18|1664.05|0.00|1135.89||||0|2026-01-31
|1|1861631.85|1223936.98|1201038.73|0.00|62054.40||||0|2026-01-31
|1|26778404.28|1150719.92|1045302.22|0.00|863819.49||||0|2026-01-31
|1|995772.55|803510.88|803510.88|0.00|32121.70||||0|2026-01-31
|1|145248.93|198675.88|184839.40|0.00|4685.45||||0|2026-01-31
|0|19449.66|11490.41|11140.26|0.00|648.32||||0|2026-01-31
|1|3200000.00|591876.57|578423.93|0.00|103225.81||||0|2026-01-31
|2|491179.76|350811.68|334878.94|0.00|16372.66||||0|2026-01-31
|1|666938.98|1062528.75|995593.24|0.00|22231.30||||0|2026-01-31
|1|0.00|181467.05|181467.06|0.00|0.00||||0|2026-01-31
|3|20043853.20|226149.68|226149.68|0.00|668128.44||||0|2026-01-31
|1|106859.05|62834.73|61352.01|0.00|3561.97||||0|2026-01-31
|1|95216.37|62311.76|60715.71|0.00|3173.88||||0|2026-01-31
|1|3234607.92|2066599.09|2028268.77|0.00|107820.26||||0|2026-01-31
|1|1568793.35|1346075.48|1320004.23|0.00|52293.11||||0|2026-01-31
|1|15362639.84|3850565.82|3788329.34|0.00|495569.03||||0|2026-01-31
|0|65723.35|4344.81|3556.05|0.00|2190.78||||0|2026-01-31
|2|745369.63|1120364.41|1066397.69|0.00|24845.65||||0|2026-01-31
|1|1231147.69|999284.13|982663.68|0.00|41038.26||||0|2026-01-31
|1|4494498.49|4755752.64|4694577.31|0.00|144983.82||||0|2026-01-31
|1|1053325.67|1160210.76|1148495.44|0.00|33978.25||||0|2026-01-31
|1|0.00|0.00|0.00|0.00|0.00||||0|2026-01-31
|3|546258.22|274305.81|238571.36|0.00|18208.61||||0|2026-01-31
|1|1489565.22|1347678.48|1318632.02|0.00|49652.17||||0|2026-01-31
|1|21417542.09|1654185.45|1568252.32|0.00|690888.45||||0|2026-01-31
|1|2000000.00|54172.43|24322.22|0.00|66666.67||||0|2026-01-31
|1|12131304.29|2362000.06|2315497.11|0.00|391332.40||||0|2026-01-31
|1|5929428.74|4510022.86|4423304.98|804.48|197647.62||||0|2026-01-31
|3|10109894.52|3888707.99|3733408.79|0.00|336996.48||||0|2026-01-31
|1|4919969.32|4820191.32|4740856.72|0.00|163998.98||||0|2026-01-31
|1|8000000.00|62053.19|31318.22|0.00|258064.52||||0|2026-01-31
|1|870590.71|868974.40|858478.72|0.00|28083.57||||0|2026-01-31
|1|176847.74|166715.84|163764.51|0.00|5894.92||||0|2026-01-31
|3|2109715.95|997108.92|740482.70|0.00|68055.35||||0|2026-01-31
|1|19925673.63|3909010.39|3831555.58|0.00|642763.67||||0|2026-01-31
|1|1154700.71|681396.15|670349.56|0.00|37248.41||||0|2026-01-31
|1|770764.30|894463.16|882901.46|0.00|25692.14||||0|2026-01-31
|1|910269.59|34144.42|24245.13|0.00|30342.32||||0|2026-01-31
|1|1050146.25|1263960.93|1250484.37|0.00|33875.69||||0|2026-01-31
|1|8640000.00|106697.49|74823.69|0.00|278709.68||||0|2026-01-31
|1|288130.39|272584.35|269447.03|0.00|9294.53||||0|2026-01-31
|3|534124.45|1555765.93|790008.05|0.00|17804.15||||0|2026-01-31
|1|770039.38|900351.53|821528.31|0.00|24839.98||||0|2026-01-31
|1|3737298.30|4854859.27|4575020.35|0.00|124576.61||||0|2026-01-31
|1|302677.48|3657385.29|3653736.54|0.00|9763.79||||0|2026-01-31
|1|57508233.03|6738768.16|6521850.31|0.00|1855104.29||||0|2026-01-31
|1|0.00|0.00|0.00|0.00|0.00||||0|2026-01-31
|1|385784.73|827274.53|822476.24|0.00|12859.49||||0|2026-01-31
|1|3130205.21|2672052.73|2628621.01|804.48|104340.17||||0|2026-01-31
|1|127090.32|84240.80|82572.53|0.00|4236.34||||0|2026-01-31
|2|340299.98|313889.96|299373.82|0.00|10977.42||||0|2026-01-31
|1|3419555.40|4956481.00|4915256.79|0.00|110308.24||||0|2026-01-31
|1|6285967.30|2263421.08|2238915.88|0.00|202773.14||||0|2026-01-31
|0|0.00|0.00|0.00|0.00|0.00||||0|2026-01-31
|1|87858.95|76503.28|74931.49|0.00|2928.63||||0|2026-01-31
|0|38276.46|37363.00|36674.25|0.00|1275.88||||0|2026-01-31
|1|117443.45|218956.71|217449.32|0.00|3788.50||||0|2026-01-31
|1|852336.46|537860.95|528563.08|0.00|27494.72||||0|2026-01-31
|1|697676.13|894248.19|894248.19|0.00|23255.87||||0|2026-01-31
|1|2489874.73|1731666.96|1698240.10|0.00|82995.82||||0|2026-01-31
|2|1112318.70|702752.01|664543.33|0.00|37077.29||||0|2026-01-31
|1|765021.19|1178220.76|1104161.45|0.00|25500.71||||0|2026-01-31
|1|584042.19|254717.61|246000.82|0.00|19468.07||||0|2026-01-31
|0|36566.58|2522.33|2083.32|0.00|1218.89||||0|2026-01-31
|1|1107254.67|1609298.25|1534051.41|0.00|36908.49||||0|2026-01-31
|1|12269400.00|385586.68|340698.74|0.00|395787.10||||0|2026-01-31
|1|157266.58|212224.62|210442.27|0.00|5242.22||||0|2026-01-31
|1|3930262.82|1531055.89|1472396.89|0.00|131008.76||||0|2026-01-31
|1|13075354.83|11758661.80|11582144.31|0.00|435845.16||||0|2026-01-31
|1|136043.42|94404.26|92526.68|0.00|4534.78||||0|2026-01-31
|1|115715.70|82755.88|80772.72|0.00|3857.19||||0|2026-01-31
|2|415547.49|699200.04|668117.27|0.00|13851.58||||0|2026-01-31
|3|33604830.99|309245.08|306916.76|0.00|1084026.81||||0|2026-01-31
|1|331843.56|537226.82|508800.65|0.00|11061.45||||0|2026-01-31
|1|0.00|0.00|0.00|0.00|0.00||||0|2026-01-31
|1|516416.24|593919.51|587934.32|0.00|16658.59||||0|2026-01-31
|1|685834.85|493804.77|485856.80|0.00|22123.70||||0|2026-01-31
|1|145808.37|126674.43|124705.81|0.00|4860.28||||0|2026-01-31
|2|9392043.72|9443472.32|8484875.55|0.00|302969.15||||0|2026-01-31
|1|26077498.51|747103.97|651458.35|0.00|841209.63||||0|2026-01-31
|0|167829.64|27168.84|25155.11|0.00|5594.32||||0|2026-01-31
|1|146955.26|95434.79|93296.32|0.00|4898.51||||0|2026-01-31
|1|470493.85|252039.76|247465.17|0.00|15177.22||||0|2026-01-31
|1|1580250.00|1437777.37|1410245.56|0.00|52675.00||||0|2026-01-31
|1|29761681.60|5798179.58|5664004.80|0.00|960054.25||||0|2026-01-31
|2|1894912.79|1243842.67|1199166.12|0.00|63163.76||||0|2026-01-31
|1|14986400.01|449373.84|396883.52|0.00|483432.26||||0|2026-01-31
|1|2556116.83|1453653.37|1417420.63|0.00|85203.89||||0|2026-01-31
|1|500701.72|533486.90|529051.33|0.00|16690.06||||0|2026-01-31
|1|821735.66|1300813.01|1255219.67|0.00|27391.19||||0|2026-01-31
|1|1301664.74|1323586.30|1239970.91|0.00|41989.19||||0|2026-01-31
|1|2012743.85|3123317.95|3098354.70|0.00|64927.22||||0|2026-01-31
|1|2739771.41|799756.82|758865.85|0.00|91325.71||||0|2026-01-31
|3|568650.45|659382.05|649703.29|0.00|18343.56||||0|2026-01-31
|1|149134.48|2233567.89|2101095.01|0.00|4971.15||||0|2026-01-31
|1|358667.23|1196268.06|1191106.90|0.00|11569.91||||0|2026-01-31
|1|657832.34|712211.77|701722.74|0.00|21220.40||||0|2026-01-31
|1|817501.05|551935.50|542493.05|0.00|27250.04||||0|2026-01-31
|2|1400806.38|4106334.43|3781248.06|0.00|45187.30||||0|2026-01-31
|1|316135.59|603722.39|580458.55|0.00|10537.85||||0|2026-01-31
|1|719411.75|1079658.32|1007714.88|0.00|23206.83||||0|2026-01-31
|1|7812000.00|219438.92|189426.41|0.00|252000.00||||0|2026-01-31
|1|777076.47|830912.01|819730.63|0.00|25066.98||||0|2026-01-31
|3|151631.33|81639.32|72591.41|0.00|5054.38||||0|2026-01-31
|3|12926661.16|5178069.94|4842055.27|0.00|430888.71||||0|2026-01-31
|2|367395.29|365564.48|354767.81|0.00|11851.46||||0|2026-01-31
|1|49515493.34|4853109.82|4656779.00|0.00|1597273.98||||0|2026-01-31
|1|142612.14|92588.93|90305.09|0.00|4753.74||||0|2026-01-31
|1|989923.56|1256799.74|1246616.12|0.00|32997.45||||0|2026-01-31
|1|2643597.16|2120008.88|2079363.62|804.48|88119.91||||0|2026-01-31
|1|553556.68|293464.39|289202.25|0.00|17856.67||||0|2026-01-31
|1|1317873.18|1735808.75|1719920.83|0.00|42512.04||||0|2026-01-31
|1|3324877.44|376747.78|327897.36|0.00|110829.25||||0|2026-01-31
|0|31086.25|39533.69|39160.01|0.00|1036.21||||0|2026-01-31
|1|54938885.67|2012205.92|1811209.85|0.00|1772222.12||||0|2026-01-31
|1|2026732.90|504659.78|474882.04|0.00|67557.76||||0|2026-01-31
|1|357902.14|296879.49|291913.48|0.00|11930.07||||0|2026-01-31
|2|2111005.83|1677221.06|1580909.82|1596.18|70366.86||||0|2026-01-31
|1|534237.74|489483.20|481796.53|0.00|17233.48||||0|2026-01-31
|2|1437381.73|1628986.92|1595402.66|0.00|46367.15||||0|2026-01-31
|1|6037671.84|6164129.56|6080357.04|0.00|201255.73||||0|2026-01-31
|1|505934.77|415472.32|407958.85|0.00|16864.49||||0|2026-01-31
|1|3748722.04|3415277.54|3361337.25|0.00|120926.52||||0|2026-01-31
|1|607205.16|656680.30|649926.24|0.00|19587.26||||0|2026-01-31
|1|978820.48|580113.41|569175.06|0.00|32627.35||||0|2026-01-31
|1|1539955.76|1390521.73|1372675.44|0.00|49675.99||||0|2026-01-31
|1|8429052.92|1039304.29|1008208.62|0.00|271904.93||||0|2026-01-31
|1|1323700.00|1194347.85|1169806.64|0.00|44123.33||||0|2026-01-31
|1|3429626.80|183953.00|164841.47|0.00|114320.89||||0|2026-01-31
|1|1449465.84|928755.58|910927.54|0.00|48315.53||||0|2026-01-31
|1|711775.16|1425822.97|1425822.97|0.00|22960.49||||0|2026-01-31
|0|0.00|11536954.63|11536954.64|0.00|0.00||||0|2026-01-31
|1|710140.76|1016744.95|917090.16|0.00|22907.77||||0|2026-01-31
|1|572101.99|791394.56|742610.96|0.00|19070.07||||0|2026-01-31
|1|767707.61|993294.15|942904.87|0.00|24764.76||||0|2026-01-31
|1|5235151.04|5448098.36|5357792.07|804.48|174505.03||||0|2026-01-31
|1|9300000.00|216108.89|86443.50|0.00|310000.00||||0|2026-01-31
|1|612392.61|863786.35|806782.68|0.00|20413.09||||0|2026-01-31
|1|411704.57|737573.53|712364.87|0.00|13723.49||||0|2026-01-31
|1|15217612.04|11946503.43|11723946.12|0.00|507253.73||||0|2026-01-31
|2|0.00|0.00|0.00|0.00|0.00||||0|2026-01-31
|1|0.00|0.00|0.00|0.00|0.00||||0|2026-01-31
|1|1050636.35|729616.87|714802.43|0.00|35021.21||||0|2026-01-31
|1|503605.82|933296.14|927210.52|0.00|16786.86||||0|2026-01-31
|1|2288926.91|765035.18|730872.80|0.00|76297.56||||0|2026-01-31
|1|136784.00|182603.65|181238.50|0.00|4559.47||||0|2026-01-31
|1|0.00|0.00|0.00|0.00|0.00||||0|2026-01-31
|1|728270.88|1165924.96|1072004.69|0.00|23492.61||||0|2026-01-31
|3|22234240.14|7077298.64|7077298.64|0.00|717233.55||||0|2026-01-31
|2|1061841.71|746357.71|746357.71|0.00|35394.72||||0|2026-01-31
|1|0.00|0.00|0.00|0.00|0.00||||0|2026-01-31
|1|134962.07|89458.28|87686.88|0.00|4498.74||||0|2026-01-31
|1|893620.46|1077565.93|1058799.84|0.00|29787.35||||0|2026-01-31
|1|269206.25|933048.35|887095.05|0.00|8973.54||||0|2026-01-31
|1|269197.14|260386.41|256651.32|0.00|8973.24||||0|2026-01-31
|3|1382503.55|67781.51|67781.51|0.00|46083.45||||0|2026-01-31
|2|280893.89|634684.44|631299.65|0.00|9363.13||||0|2026-01-31
|1|138868.44|95907.60|93887.60|0.00|4628.95||||0|2026-01-31
|1|0.00|42302.75|42287.11|0.00|0.00||||0|2026-01-31
|1|21248855.76|1599519.98|0.00|0.00|685446.96||||0|2026-01-31
|1|1088948.54|76923.97|65490.30|0.00|36298.28||||0|2026-01-31
|1|300685.13|493524.60|461977.03|0.00|9699.52||||0|2026-01-31
|2|784824.48|578918.34|543437.46|800.19|26160.82||||0|2026-01-31
|1|3692691.90|494520.98|431098.82|0.00|123089.73||||0|2026-01-31
|2|2096857.46|2013342.64|1920559.60|921.37|69895.25||||0|2026-01-31
|1|2198257.08|1427764.29|1402140.58|0.00|73275.24||||0|2026-01-31
|1|932449.23|514807.63|496917.75|0.00|31081.64||||0|2026-01-31
|1|1797563.30|1405831.16|1377317.01|0.00|59918.78||||0|2026-01-31
|1|147644.84|88124.43|86076.04|0.00|4921.49||||0|2026-01-31
|1|365259.20|376747.97|371633.66|0.00|11782.55||||0|2026-01-31
|1|898029.59|3164192.23|3155125.22|804.32|29934.32||||0|2026-01-31
|1|0.00|0.00|0.00|0.00|0.00||||0|2026-01-31
|1|130933.26|88317.84|86549.91|0.00|4364.44||||0|2026-01-31
|1|7104767.98|1079931.61|1051148.94|0.00|229186.06||||0|2026-01-31
|1|1500000.00|145500.00|0.00|0.00|50000.00||||0|2026-01-31
|1|982092.13|724320.54|712557.16|0.00|31680.39||||0|2026-01-31
|1|2222694.95|2144311.05|2114057.52|0.00|71699.84||||0|2026-01-31
|1|49427918.41|3944176.79|3749275.58|0.00|1594448.98||||0|2026-01-31
|1|1109186.57|1392043.48|1380397.38|0.00|35780.21||||0|2026-01-31
|1|464010.46|725709.55|719754.95|0.00|14968.08||||0|2026-01-31
|1|450000.00|387515.25|377977.50|0.00|15000.00||||0|2026-01-31
|1|1656422.60|1513782.18|1495359.03|0.00|53432.99||||0|2026-01-31
|1|137870.94|92490.40|90577.40|0.00|4595.70||||0|2026-01-31
|1|2101267.34|1230858.77|1196581.75|0.00|70042.24||||0|2026-01-31
|1|3991687.14|172983.30|111611.11|0.00|133056.24||||0|2026-01-31
|1|4050000.00|339829.04|0.00|0.00|130645.16||||0|2026-01-31
|1|2487777.09|4434214.85|4405867.76|0.00|80250.87||||0|2026-01-31
|2|122262.64|508826.44|505414.86|0.00|4075.42||||0|2026-01-31
|1|27692037.50|8347276.80|8239322.28|0.00|893291.53||||0|2026-01-31
|1|864194.11|1296140.99|1286322.99|0.00|28806.47||||0|2026-01-31
|0|9117.62|7894.71|7785.61|0.00|303.92||||0|2026-01-31
|1|889259.56|263245.80|249973.66|0.00|29641.99||||0|2026-01-31
|1|496647.83|622491.56|617290.51|0.00|16554.93||||0|2026-01-31
|1|439561.04|710123.40|704811.68|0.00|14652.03||||0|2026-01-31
|1|0.00|0.00|0.00|0.00|0.00||||0|2026-01-31
|1|1654121.76|1656777.25|1636835.74|0.00|53358.77||||0|2026-01-31
|1|429107.97|878761.25|873251.63|0.00|14303.60||||0|2026-01-31
|0|0.00|0.00|0.00|0.00|0.00||||0|2026-01-31
|1|10244500.00|10187.58|0.00|0.00|341483.33||||0|2026-01-31
|1|426876.87|403463.99|396420.22|0.00|14229.23||||0|2026-01-31
|1|2257191.85|2788601.74|2768618.64|0.00|75239.73||||0|2026-01-31
|1|5004836.48|3007378.47|2939813.16|0.00|166827.88||||0|2026-01-31
|3|318690.80|497362.28|497362.28|0.00|10280.35||||0|2026-01-31
|1|0.00|0.00|0.00|0.00|0.00||||0|2026-01-31
|1|596178.98|527815.85|519701.08|804.48|19231.58||||0|2026-01-31
|2|1689199.29|0.00|0.00|0.00|56306.64||||0|2026-01-31
|1|1672561.92|246346.85|221383.80|0.00|55752.06||||0|2026-01-31
|1|22774038.07|797183.59|712955.99|0.00|734646.39||||0|2026-01-31
|1|5557299.36|5024016.51|5002377.71|0.00|179267.72||||0|2026-01-31
|1|0.00|0.00|0.00|0.00|0.00||||0|2026-01-31
|1|418842.42|645368.81|641657.72|0.00|13961.41||||0|2026-01-31
|1|27376150.20|9424649.04|9340382.69|0.00|883101.62||||0|2026-01-31
|1|674378.92|937445.40|930296.23|0.00|22479.30||||0|2026-01-31
|3|3857034.89|59899.09|59899.09|0.00|128567.83||||0|2026-01-31
|1|1153631.41|26086.85|21760.75|0.00|38454.38||||0|2026-01-31
|1|70681.53|74268.15|73313.79|0.00|2356.05||||0|2026-01-31
|0|687315.00|9469.57|1221.89|0.00|22910.50||||0|2026-01-31
|1|322981.29|309625.46|306032.86|0.00|10418.75||||0|2026-01-31
|2|2859810.96|3342810.54|3038621.96|0.00|92251.97||||0|2026-01-31
|1|170060.04|118086.20|114916.32|0.00|5668.67||||0|2026-01-31
|1|1761233.02|3508802.23|3500233.04|0.00|56813.97||||0|2026-01-31
|1|1254392.86|840645.10|820323.78|0.00|41813.10||||0|2026-01-31
|1|25432163.49|2315777.21|2218908.43|0.00|820392.37||||0|2026-01-31
|1|464034.12|413518.30|407021.49|0.00|14968.84||||0|2026-01-31
|1|2075507.12|1348304.59|1321219.52|0.00|69183.57||||0|2026-01-31
|1|5183621.70|4394074.74|4373866.92|0.00|167213.60||||0|2026-01-31
|1|933858.20|677020.16|664062.83|0.00|31128.61||||0|2026-01-31
|1|431525.83|295292.77|290470.97|0.00|14384.19||||0|2026-01-31
|1|525084.31|386014.81|377527.98|0.00|17502.81||||0|2026-01-31
|1|468149.01|466540.81|436690.00|0.00|15101.58||||0|2026-01-31
|1|2654842.58|1553189.33|1527791.43|0.00|85640.08||||0|2026-01-31
|1|80616.06|235451.86|234255.07|0.00|2687.20||||0|2026-01-31
|1|0.00|861814.88|861814.93|0.00|0.00||||0|2026-01-31
|1|692972.58|569178.04|559822.73|0.00|23099.09||||0|2026-01-31
|1|476702.96|717167.39|712866.23|0.00|15890.10||||0|2026-01-31
|1|327646.65|281491.16|276945.36|0.00|10921.56||||0|2026-01-31
|0|0.00|0.00|0.00|0.00|0.00||||0|2026-01-31
|1|2492814.94|1871875.60|1795025.37|0.00|83093.83||||0|2026-01-31
|1|242549.94|552634.98|549969.36|0.00|7824.19||||0|2026-01-31
|1|0.00|0.00|0.00|0.00|0.00||||0|2026-01-31
|1|469773.84|348141.39|341270.41|0.00|15659.13||||0|2026-01-31
|1|14301040.00|229083.48|24705.84|0.00|461323.87||||0|2026-01-31
|3|476659.69|242404.23|242404.23|0.00|15376.12||||0|2026-01-31
|1|0.00|0.00|0.00|0.00|0.00||||0|2026-01-31
|1|0.00|0.00|0.00|0.00|0.00||||0|2026-01-31
|1|45042275.47|12729651.99|12554059.29|0.00|1452976.63||||0|2026-01-31
|1|408824.31|638370.05|634125.25|0.00|13627.48||||0|2026-01-31
|1|333292.69|486779.01|483210.78|0.00|11109.76||||0|2026-01-31
|1|798666.67|1097736.97|1049835.02|0.00|26622.22||||0|2026-01-31
|0|566782.31|44052.94|37251.49|0.00|18892.74||||0|2026-01-31
|0|0.00|1354712.47|1326119.87|0.00|0.00||||0|2026-01-31
|1|19884166.68|7364092.86|7288346.00|0.00|641424.73||||0|2026-01-31
|1|721299.65|556028.57|548006.11|0.00|23267.73||||0|2026-01-31
|1|1248109.19|1261228.01|1243269.01|0.00|40261.59||||0|2026-01-31
|1|1381898.31|991016.91|962031.96|804.48|46063.28||||0|2026-01-31
|1|2090915.96|1455353.27|1423205.05|0.00|69697.20||||0|2026-01-31
|1|2642394.40|1602548.90|1568065.18|0.00|88079.81||||0|2026-01-31
|1|899767.09|0.00|0.00|0.00|29992.24||||0|2026-01-31
|1|767304.77|773503.30|763059.16|0.00|24751.77||||0|2026-01-31
|3|4335207.62|143650.84|143650.84|0.00|144506.92||||0|2026-01-31
|2|1452172.31|888568.62|827554.23|0.00|48405.74||||0|2026-01-31
|1|1057969.04|1529284.04|1424631.92|0.00|34128.03||||0|2026-01-31
|3|9896266.78|189367.22|189367.22|0.00|329875.56||||0|2026-01-31
|1|730658.92|997585.91|989157.54|0.00|24355.30||||0|2026-01-31
|0|67504.23|16901.46|16091.68|0.00|2250.14||||0|2026-01-31
|1|12269400.00|385586.68|340698.74|0.00|395787.10||||0|2026-01-31
|0|2816489.94|991059.40|973104.12|0.00|93883.00||||0|2026-01-31
|2|4770621.95|3488551.71|3413344.35|0.00|153891.03||||0|2026-01-31
|1|483626.01|896176.14|865840.54|0.00|16120.87||||0|2026-01-31
|0|89009.81|7772.45|6770.86|0.00|2966.99||||0|2026-01-31
|1|1969740.40|579721.43|550322.66|0.00|65658.01||||0|2026-01-31
|1|10713304.00|213228.90|170432.43|0.00|345590.45||||0|2026-01-31
|1|0.00|0.00|0.00|0.00|0.00||||0|2026-01-31
|1|5004836.48|3007378.47|2939813.16|0.00|166827.88||||0|2026-01-31
|1|794912.49|126085.32|114221.06|1048.25|26497.08||||0|2026-01-31
|3|538211.46|1906.17|1906.17|0.00|17940.38||||0|2026-01-31
|1|148120.32|110774.16|108524.41|0.00|4937.34||||0|2026-01-31
|2|696739.87|453273.56|437067.29|0.00|23224.66||||0|2026-01-31
|1|756893.23|692040.94|683622.73|0.00|24415.91||||0|2026-01-31
|1|29895489.16|2998597.62|2886137.53|0.00|964370.62||||0|2026-01-31
|1|0.00|0.00|0.00|0.00|0.00||||0|2026-01-31
|1|871108.77|512346.42|498789.89|0.00|29036.96||||0|2026-01-31
|1|40380145.08|3092006.43|2953370.94|0.00|1302585.33||||0|2026-01-31
|1|549223.05|917856.35|878917.66|0.00|18307.44||||0|2026-01-31
|1|135850.17|89301.47|87518.37|0.00|4528.34||||0|2026-01-31
|1|4812148.52|1317722.29|1254237.96|0.00|160404.95||||0|2026-01-31
|1|809028.61|842285.05|831273.18|0.00|26097.70||||0|2026-01-31
|1|4385720.08|4189189.16|4124378.18|804.48|141474.84||||0|2026-01-31
|0|0.00|0.00|0.00|0.00|0.00||||0|2026-01-31
|1|5263481.27|3839901.70|3685854.58|0.00|175449.38||||0|2026-01-31
|1|459487.97|748322.08|719652.82|0.00|15316.27||||0|2026-01-31
|0|98089.45|22522.22|21344.91|0.00|3269.65||||0|2026-01-31
|1|92322.02|84068.04|78211.97|0.00|2978.13||||0|2026-01-31
|3|0.00|0.00|0.00|0.00|0.00||||0|2026-01-31
|1|409231.45|351865.07|346187.15|0.00|13641.05||||0|2026-01-31
|0|329099.41|26059.38|22109.90|0.00|10969.98||||0|2026-01-31
|1|2280936.57|2210420.18|2177600.46|0.00|73578.60||||0|2026-01-31
|1|418866.52|317895.02|312770.27|0.00|13511.82||||0|2026-01-31
|1|2441950.00|2199970.25|2154695.28|0.00|81398.33||||0|2026-01-31
|1|8025240.74|8694402.33|8583297.59|0.00|258878.73||||0|2026-01-31
|1|1381898.31|991016.91|962031.96|804.48|46063.28||||0|2026-01-31
|1|21248855.76|1599519.98|0.00|0.00|685446.96||||0|2026-01-31
|1|228256.61|169251.68|166529.55|0.00|7608.55||||0|2026-01-31
|1|0.00|144879.07|144879.08|0.00|0.00||||0|2026-01-31
|1|118896.92|75311.37|73140.16|0.00|3963.23||||0|2026-01-31
|2|683409.39|805040.05|788210.76|0.00|22045.46||||0|2026-01-31
|1|272452.59|271571.21|267862.72|0.00|8788.79||||0|2026-01-31
|1|1396095.95|401717.57|381205.82|0.00|46536.53||||0|2026-01-31
